74,10
74,9
74,8
77,35
74,7
74,6
74,5
74,4
3,2
3,1
3,3
10,191
10,313
10,171
10,133
10,111
10,145
10,289
10,15
10,2
10,3
11,27
11,23
11,5
9,5
8,14
8,15
8,8
74,3
74,2
74,1
74,0
73,4
73,3
73,2
73,1
73,0
71,5
71,4
71,3
71,2
71,1
71,0
70,4
70,3
70,2
70,1
70,0
69,3
69,2
69,1
69,0
68,4
68,3
68,2
68,1
68,0
67,3
67,2
67,1
67,0
66,3
66,2
66,1
66,0
65,5
65,4
65,3
65,2
65,1
65,0
64,4
64,3
64,2
64,1
64,0
24,3
24,2
24,1
20,3
20,2
20,1
19,3
19,2
19,1
12,3
12,2
12,1
11,28
11,26
18,1
11,25
18,3
11,21
11,19
11,17
11,16
11,15
11,13
11,11
11,10
11,8
14,1
11,4
14,3
11,3
13,1
11,2
13,3
11,1
10,301
10,295
10,263
10,206
